# fichier de sauvegarde
# score: 
4911

# nombre d’entité particule puis les données d’une entité par ligne
50
	-6.202193	51.446672	-3.823980	0.068720	76	
	-36.793089	-90.055246	-0.547266	0.068720	76	
	-23.385610	-58.076381	1.959680	0.068720	76	
	42.589394	-52.874978	-3.257390	0.068720	76	
	-31.465983	-5.216978	0.391908	0.137439	76	
	-16.509619	-58.843582	0.959680	0.068720	76	
	-22.645327	-93.053283	-0.700135	0.068720	76	
	22.748174	-4.588482	2.557970	0.158055	76	
	-28.856759	-94.781697	1.107680	0.068719	76	
	7.502242	-13.093914	1.133010	0.137439	76	
	-58.314636	17.346470	-2.415180	0.034360	76	
	29.545462	37.022582	-1.269740	0.158055	76	
	-6.852147	44.360809	-2.269740	0.158055	76	
	-72.023298	-62.017132	2.776360	0.068720	76	
	-60.235749	-51.975976	1.776360	0.068720	76	
	-25.153070	43.206091	1.844450	0.137439	76	
	5.026101	36.256116	0.844450	0.137439	76	
	43.871188	-19.057777	3.178570	0.068720	76	
	63.111534	32.108771	2.116530	0.158055	76	
	88.410422	30.686522	2.542326	0.158055	76	
	-1.264754	17.393036	-2.250690	0.068720	76	
	77.602066	26.946897	-0.675567	0.137439	76	
	-33.166970	-50.541183	-0.857764	0.137439	76	
	9.892717	-48.681188	2.108680	0.068720	76	
	-62.147870	-56.810129	-1.857760	0.137439	76	
	50.787433	-5.203589	2.178570	0.068720	76	
	-42.645417	3.802832	1.391910	0.137439	76	
	53.107814	34.671368	1.263060	0.158055	76	
	15.999844	-24.675265	0.133009	0.137439	76	
	-56.239721	-37.694998	-0.599826	0.068720	76	
	-68.864112	-44.123181	-1.599830	0.068720	76	
	-17.219663	30.936789	4.331620	0.034360	76	
	-21.728631	36.399656	3.331620	0.034360	76	
	81.905750	55.546693	-2.271171	0.137439	76	
	-50.716771	14.621318	-1.415180	0.034360	76	
	-7.480993	44.513159	-2.823980	0.068720	76	
	23.390899	-48.169620	1.108680	0.068720	76	
	2.542153	94.430819	0.169544	0.034360	76	
	0.350689	88.042309	-0.830456	0.034360	76	
	75.311293	-47.581098	-0.202093	0.068720	76	
	66.587802	-57.894188	-1.202090	0.068720	76	
	-47.849124	46.951282	1.849070	0.034360	76	
	-41.260538	45.466043	0.849070	0.034360	76	
	-30.374471	17.812618	-1.415180	0.034360	76	
	11.376798	15.094120	-1.250690	0.068720	76	
	20.026639	-37.058026	3.557970	0.158055	76	
	48.393309	-67.230673	-2.257390	0.068720	76	
	-23.976214	22.733600	-0.415182	0.034360	76	
	16.661949	27.576614	2.263060	0.158055	76	
	-36.466179	-83.144365	0.452734	0.068720	76	

# nombre d’entité faiseur puis les données d’une entité par ligne
2
	-85.583100	18.714400	2.322370	0.300000	2.000000	36	
	-57.139800	-2.265790	2.808810	0.600000	3.500000	26	

# nombre d’articulations (nul veut dire « pas de chaîne »)
#        puis une ligne par articulation
15
	-92.410500	-3.065210	
	-78.667300	-10.158100	
	-63.395900	-15.751200	
	-54.685200	-13.216400	
	-47.356800	1.226030	
	-50.402700	17.030400	
	-54.821300	32.679800	
	-54.653900	45.188800	
	-51.006600	54.296000	
	-44.568700	62.098900	
	-38.014600	66.651400	
	-22.737600	73.462400	
	-8.848230	75.339400	
	3.117830	74.943200	
	19.433200	73.337200	

CONSTRUCTION