# fichier de sauvegarde
# score: 
7546

# nombre d’entité particule puis les données d’une entité par ligne
35
	-73.949108	-22.157440	0.500000	1.500000	454	
	-72.632710	-8.561739	-0.500000	1.000000	454	
	-73.949162	-2.157583	0.500002	1.500000	454	
	-72.999946	10.000279	-0.000005	1.000000	454	
	-73.948691	17.844249	0.499972	1.500000	454	
	-62.632682	-18.561772	-0.499999	1.000000	454	
	-62.632755	-1.438028	0.499993	1.000000	454	
	-60.105860	18.504184	1.499997	0.500000	454	
	-53.949109	-22.157400	0.500000	1.500000	454	
	-52.632603	21.438719	-0.500013	1.000000	454	
	-33.949152	-22.157356	0.499998	1.500000	454	
	-34.499997	-10.000030	0.000001	1.500000	454	
	-32.632734	-1.438279	0.500002	1.000000	454	
	-33.949110	12.157400	-0.500000	1.500000	454	
	-32.632848	18.561683	0.500003	1.000000	454	
	-20.106238	-1.496369	1.500006	0.500000	454	
	-22.632716	18.561722	0.499999	1.000000	454	
	-13.949134	2.157423	-0.499999	1.500000	454	
	-13.949088	7.842600	0.500000	1.500000	454	
	-13.000043	20.000027	0.000003	1.000000	454	
	7.367262	-21.438345	0.499996	1.000000	454	
	6.051200	-7.842229	-0.499980	1.500000	454	
	6.050980	-2.157906	0.499974	1.500000	454	
	9.893897	8.503816	1.500000	0.500000	454	
	7.367317	18.561669	0.499998	1.000000	454	
	16.050841	2.156732	-0.500023	1.500000	454	
	17.367275	18.561761	0.500001	1.000000	454	
	25.500042	19.999923	-0.000002	1.500000	454	
	46.051118	-22.156804	0.500009	1.500000	454	
	47.367231	-8.561817	-0.500002	1.000000	454	
	47.367223	-1.438089	0.500003	1.000000	454	
	49.893954	8.503690	1.499999	0.500000	454	
	46.050723	17.842894	0.500005	1.500000	454	
	57.367242	-18.561750	-0.500000	1.000000	454	
	67.367244	-21.437360	0.500012	1.000000	454	

# nombre d’entité faiseur puis les données d’une entité par ligne
1
	16.738377	-39.777964	0.013496	2.100000	2.100000	25	

# nombre d’articulations (nul veut dire « pas de chaîne »)
#        puis une ligne par articulation
0

CONSTRUCTION