# Many particles and faiseurs
#
500
30
0 0 0 0 0
3 2 0 0 1
6 4 0 0 2
9 6 0 0 3
12 8 0 0 4
15 10 0 0 5
18 12 0 0 6
21 14 0 0 7
24 16 0 0 8
27 18 0 0 9
30 20 0 0 10
33 22 0 0 11
36 24 0 0 12
39 26 0 0 13
42 28 0 0 14
45 30 0 0 15
48 32 0 0 16
51 34 0 0 17
54 36 0 0 18
57 38 0 0 19
60 40 0 0 20
63 42 0 0 21
66 44 0 0 22
69 46 0 0 23
72 48 0 0 24
75 50 0 0 25
78 52 0 0 26
81 54 0 0 27
84 56 0 0 28
87 58 0 0 29

15
50 50 0 0 0 2.0
52 51 0 0 0 2.0
54 52 0 0 0 2.0
56 53 0 0 0 2.0
58 54 0 0 0 2.0
60 55 0 0 0 2.0
62 56 0 0 0 2.0
64 57 0 0 0 2.0
66 58 0 0 0 2.0
68 59 0 0 0 2.0
70 60 0 0 0 2.0
72 61 0 0 0 2.0
74 62 0 0 0 2.0
76 63 0 0 0 2.0
78 64 0 0 0 2.0

0

CONSTRUCTION
