# t13: particule number (51) must be within [0, nb_particule_max]
# 
8000

# nombre d’entité particule puis les données d’une entité par ligne
51
    -43.2038 36.6682 0.0248867 0.262144 165
    23.8176 81.7534 0.739279 0.262144 165
    43.0005 -43.2038 1.01226 0.262144 165
    60.6791 -75.8641 1.27159 0.262144 165
    82.5251 15.41 -2.94384 0.262144 165
    95.9313 -17.7716 -2.654 0.262144 165
    -39.4791 11.5323 3.63515 0.524288 165
    -36.6682 88.9909 -1.90972 0.524288 165
    13.1335 -87.0301 -2.47144 0.524288 165
    -0.997643 -4.78469 -3.47144 0.524288 165
    28.919 -50.8215 3.27601 0.131072 165
    36.3773 -31.3375 2.27601 0.131072 165
    -63.586 -20.0225 1.67175 0.602931 165
    -92.4105 -3.06521 2.38105 0.602931 165
    6.49809 -21.1467 -0.320926 0.262144 165
    -24.0356 -49.5843 -1.32093 0.262144 165
    -60.7097 39.7091 0.0248867 0.262144 165
    -69.1654 69.2915 0.31935 0.262144 165
    -94.4725 17.4569 0.339846 0.524288 165
    -24.0286 51.1906 1.47321 0.524288 165
    52.0742 18.6758 -1.5344 0.262144 165
    14.7531 37.3343 -2.5344 0.262144 165
    -62.9337 -40.2844 -0.720621 0.262144 165
    -78.6178 -49.4137 -0.986805 0.262144 165
    -51.4999 16.6071 -2.3733 0.262144 165
    -62.5608 56.8396 -3.3733 0.262144 165
    -18.7223 -83.6022 3.32499 0.524288 165
    7.25935 -4.29938 2.32499 0.524288 165
    -37.9722 76.2154 1.91103 0.524288 165
    44.4155 62.9396 0.911032 0.524288 165
    41.977 -58.5577 1.6062 0.131072 165
    60.6283 -67.9054 0.606202 0.131072 165
    -37.3765 -39.6958 2.5175 0.602931 165
    -53.6071 -75.3426 2.68978 0.602931 165
    -10.6194 -31.2154 0.569581 0.262144 165
    -7.71854 -72.8397 -0.430419 0.262144 165
    14.3493 3.60519 -1.5353 0.131072 165
    -4.30288 12.9512 -2.5353 0.131072 165
    81.6618 -24.1297 0.260721 0.262144 165
    71.7728 -64.6662 -0.739279 0.262144 165
    18.9281 -14.9896 -2.17835 0.131072 165
    9.60564 3.67429 -3.17835 0.131072 165
    43.8481 -7.92912 1.76026 0.262144 165
    83.5776 -20.679 0.760263 0.262144 165
    13.5095 33.7421 -0.470415 0.262144 165
    -20.9189 10.1691 -1.47042 0.262144 165
    -3.86018 26.334 1.7956 0.262144 165
    36.2951 14.9956 0.795596 0.262144 165
    -27.1318 86.7303 -0.610604 0.524288 165
    29.0858 47.634 0.345938 0.524288 165
    -19.634 -33.6844 -2.53803 0.524288 165

# nombre d’entité faiseur puis les données d’une entité par ligne
0

# nombre d’articulations (nul veut dire « pas de chaîne ») 
#        puis une ligne par articulation 
0

CONSTRUCTION
