# this file is a simulation save: correct file
4987

50
    -2.14903 48.153 -3.82398 0.0687195 30
    -41.253 -87.3376 -0.547266 0.0687195 28
    -21.4054 -62.9091 1.95968 0.0687195 28
    47.7771 -53.4784 -3.25739 0.0687195 158
    -41.1194 -9.20661 0.391908 0.137439 32
    -19.5063 -63.121 0.95968 0.0687195 28
    -26.6394 -89.6882 -0.700135 0.0687195 28
    32.772 -11.2078 2.55797 0.158055 138
    -28.4205 -90.3804 -1.70014 0.0687195 28
    3.07408 -22.5542 1.13301 0.137439 32
    -56.3625 19.0809 -2.41518 0.0343597 168
    25.9835 48.4945 -1.26974 0.158055 168
    0.876603 53.5564 -2.26974 0.158055 168
    -67.1451 -63.8825 2.77636 0.0687195 158
    -59.1697 -57.0887 1.77636 0.0687195 158
    -22.3302 33.1494 1.84445 0.137439 158
    -1.91111 28.4471 0.84445 0.137439 158
    49.0903 -18.8647 3.17857 0.0687195 158
    69.3464 21.8414 2.11653 0.158055 168
    94.9317 23.0123 1.11653 0.158055 168
    2.0188 21.4544 -2.25069 0.0687195 118
    69.451 33.4788 -0.675567 0.137439 148
    -39.9996 -42.6405 -0.857764 0.137439 148
    12.5684 -53.1664 2.10868 0.0687195 128
    -59.1914 -46.7919 -1.85776 0.137439 148
    53.7698 -9.491 2.17857 0.0687195 158
    -44.504 -6.47585 1.39191 0.137439 32
    49.4693 23.2235 1.26306 0.158055 168
    5.64674 -26.0605 0.133009 0.137439 32
    -60.5507 -34.7468 -0.599826 0.0687195 138
    -68.7125 -38.9027 -1.59983 0.0687195 138
    -16.2492 33.3611 4.33162 0.0343597 138
    -19.1643 36.8929 3.33162 0.0343597 138
    72.8807 52.8126 0.324433 0.137439 148
    -51.1215 17.2011 -1.41518 0.0343597 168
    -2.51953 46.1442 -2.82398 0.0687195 30
    21.0624 -52.8445 1.10868 0.0687195 128
    -0.031742 93.9902 0.169544 0.0343597 128
    -1.41076 89.9701 -0.830456 0.0343597 128
    70.1949 -46.5328 -0.202093 0.0687195 128
    64.7055 -53.0225 -1.20209 0.0687195 128
    -47.1318 44.4404 1.84907 0.0343597 128
    -42.9858 43.5058 0.84907 0.0343597 128
    -30.7792 20.3924 -1.41518 0.0343597 168
    9.73339 20.0515 -1.25069 0.0687195 118
    31.0125 -32.1997 3.55797 0.158055 138
    51.704 -63.1914 -2.25739 0.0687195 158
    -26.3657 23.7869 -0.415182 0.0343597 168
    24.3291 18.3296 2.26306 0.158055 168
    -41.1627 -85.4289 0.452734 0.0687195 28

2
    -85.5831 18.7144 2.32237 0.3 2 35
    -57.1398 -2.26579 2.80881 0.6 3.5 25

15
    -92.4105 -3.06521
    -78.6673 -10.1581
    -63.3959 -15.7512
    -54.6852 -13.2164
    -47.3568 1.22603
    -50.4027 17.0304
    -54.8213 32.6798
    -54.6539 45.1888
    -51.0066 54.296
    -44.5687 62.0989
    -38.0146 66.6514
    -22.7376 73.4624
    -8.84823 75.3394
    3.11783 74.9432
    19.4332 73.3372

GUIDAGE
