# this file is correct and should trigger a win 
#

5462

47
    37.0109 39.8917 -3.32398 0.0858993 55
    -66.7218 -59.5968 -1.00768 0.0858993 53
    -17.4189 -90.0759 -0.950914 0.0858993 53
    83.7957 -44.5668 -2.75739 0.0858993 183
    -65.0415 -50.8302 -2.82939 0.171799 57
    -21.8347 -90.6078 -1.95091 0.0858993 53
    -39.1752 -49.2935 -0.200135 0.0858993 53
    76.2012 -17.245 -0.46774 0.197568 163
    -42.0409 -52.6949 -1.20014 0.0858993 53
    -58.107 -57.4026 -1.82939 0.171799 57
    -47.5843 35.3086 -1.91518 0.0429497 193
    -45.6565 37.0288 2.81921 0.197568 193
    13.0896 60.9717 1.3099 0.197568 193
    -26.108 -84.1953 1.44624 0.0858993 183
    -39.3375 -88.4485 2.27636 0.0858993 183
    -57.7902 -48.9852 2.34445 0.171799 183
    -28.6078 -40.7939 1.34445 0.171799 183
    -19.8995 -52.6287 -1.25587 0.0858993 183
    -18.7264 62.0371 1.81921 0.197568 193
    75.899 -55.4041 0.454006 0.197568 193
    12.6316 57.9004 -1.75069 0.0858993 143
    -1.67483 56.0672 -0.175567 0.171799 173
    -43.5561 46.3386 -0.357764 0.171799 173
    3.40834 65.3572 -2.75069 0.0858993 143
    -65.2362 27.5893 -1.35776 0.171799 173
    84.2954 -30.5847 2.67857 0.0858993 183
    38.4514 35.51 -2.32398 0.0858993 55
    52.93 -61.5749 1.76306 0.197568 193
    -60.0714 -71.5832 0.633009 0.171799 57
    50.6135 -34.8656 -1.46774 0.197568 163
    -81.5315 -3.63483 -1.09983 0.0858993 163
    -95.0336 -3.24276 -2.09983 0.0858993 163
    -3.3446 46.9813 3.83162 0.0429497 163
    -4.62034 53.6136 2.83162 0.0429497 163
    -34.7958 -49.8399 -2.25587 0.0858993 183
    -64.5595 -55.71 -0.00768441 0.0858993 53
    18.2356 -90.4793 1.60868 0.0858993 153
    -22.6904 93.5388 -1.20788 0.0429497 153
    -18.3514 97.4854 0.692022 0.0429497 153
    41.3646 -13.133 0.297907 0.0858993 153
    38.8186 -25.559 -0.702093 0.0858993 153
    -55.2804 23.9396 2.34907 0.0429497 153
    -49.1823 25.6817 1.34907 0.0429497 153
    -39.6915 36.5469 -0.915182 0.0429497 193
    -68.1266 -67.3346 1.5459 0.171799 57
    29.3645 -95.0004 0.832262 0.0858993 153
    -10.8117 83.2348 0.824433 0.171799 173

2
    11.7146 -85.3981 2.32237 0.3 2 35
    -18.0441 46.6306 -0.77238 0.6 3.5 25

15
    -92.4105 -3.06521
    -77.4556 -7.00682
    -61.5595 -10.4436
    -52.5753 -11.7029
    -36.3871 -12.1835
    -20.374 -10.5596
    -4.52055 -6.94078
    7.44094 -3.27681
    16.7709 -0.244293
    26.4828 2.58615
    34.2868 4.25265
    50.9585 5.60705
    64.9292 4.48605
    76.6624 2.10385
    91.3612 -5.15669

CONSTRUCTION
