# this file is correct and is a special case : order from chaos
# 7543 = bonus time
# 
8000

35
    27.8318 -5.74417 -0.801908 1.5 0
    -22.5002 -42.9503 -0.99176 1. 0
    27.5614 -19.3706 -2.27052 1.5 0
    -55.7236 26.7559 2.53146 1. 0
    12.4693 -77.3201 2.4417 1.5 0
    -12.2646 -50.7351 -0.716392 1. 0
    -44.4626 46.6329 1.86959 1. 0
    65.8648 -50.737 -2.96954 0.5 0
    47.1621 5.38447 -0.0219782 1.5 0
    -79.2847 15.1721 3.03213 1. 0
    53.5306 46.1153 0.755984 1.5 0
    51.4092 40.2162 0.817654 1.5 0
    -89.8229 21.8955 -0.0828967 1. 0
    69.065 -8.64926 -0.0439434 1.5 0
    -40.3334 84.209 1.66841 1. 0
    33.7827 22.0841 -2.04559 0.5 0
    -53.8725 71.085 -0.613094 1. 0
    96.5621 -15.772 -0.112886 1.5 0
    87.4087 -43.124 -0.598002 1.5 0
    -39.7469 71.142 -0.813344 1. 0
    10.5766 -74.4616 1.41022 1. 0
    76.4897 -16.1282 2.88283 1.5 0
    54.4966 61.8257 -2.35148 1.5 0
    -11.5455 18.9715 -1.45457 0.5 0
    -44.4366 13.4343 -0.0151998 1. 0
    28.4825 -74.363 2.05728 1.5 0
    -34.7365 1.80913 0.178948 1. 0
    7.52849 -81.6307 1.90922 1.5 0
    -77.3652 -21.701 -2.32505 1.5 0
    6.46458 21.3464 -1.11533 1. 0
    21.1943 -31.2001 1.47879 1. 0
    -62.5645 -16.3741 -0.607742 0.5 0
    21.9895 37.4685 -2.24982 1.5 0
    8.70596 7.10842 -0.953437 1. 0
    81.336 15.568 2.66554 1. 0

1
    12.7864 -65.9737 1.124682 2.1 2.1 25

0

CONSTRUCTION
