# fichier de sauvegarde
# score: 
7740

# nombre d’entité particule puis les données d’une entité par ligne
22
	53.188774	67.031269	-2.759101	1.000000	260	
	35.518081	9.581619	-0.885259	1.500000	260	
	67.516844	-24.134507	2.938212	1.000000	260	
	37.251790	71.448049	-2.663793	1.000000	260	
	57.513186	-34.076266	3.051530	1.000000	260	
	-62.215804	-72.993657	-2.969540	0.500000	260	
	54.123804	35.380102	0.627991	1.500000	260	
	63.159720	16.465063	0.408828	1.500000	260	
	29.080681	-8.520850	-2.932080	1.000000	260	
	20.956192	-35.641150	2.984910	1.000000	260	
	-25.647444	-93.536218	-2.045590	0.500000	260	
	13.473196	-27.949358	3.084840	1.000000	260	
	86.004710	-32.241203	-0.306442	1.500000	260	
	94.070893	8.973102	-0.049001	1.500000	260	
	4.028672	-23.511120	2.734922	1.000000	260	
	70.335609	53.558457	-2.545052	1.500000	260	
	3.032420	-88.253200	1.500000	0.500000	260	
	56.869077	-59.919337	2.446411	1.500000	260	
	59.398449	-47.687248	2.730800	1.500000	260	
	-23.942067	87.624556	-1.778821	1.500000	260	
	43.032328	-88.253315	1.499999	0.500000	260	
	33.335659	32.294986	-2.510806	1.500000	260	

# nombre d’entité faiseur puis les données d’une entité par ligne
1
	-56.000000	-0.000037	0.000001	2.000000	3.100000	25	

# nombre d’articulations (nul veut dire « pas de chaîne »)
#        puis une ligne par articulation
13
	-96.205554	16.901109	
	-88.709501	18.182996	
	-71.720888	21.214769	
	-54.971190	24.579387	
	-56.139593	23.185571	
	-55.639565	25.063221	
	-44.325247	32.229642	
	-44.426155	19.840110	
	-28.240962	25.572916	
	-23.015068	36.979576	
	-22.570609	48.526894	
	-19.707328	60.414424	
	-17.209459	67.772135	

GUIDAGE